27 -53 4
165 130 5
-6 41 1
8 36 1
-180 245 3
-128 -163 2
-172 161 3
26 -111 4
-138 -159 2
37 -79 4
-210 215 3
-162 -155 2
-8 51 1
206 230 5
-213 -124 2
-127 -180 2
7 67 1
270 83 5
-230 190 3
43 -99 4
70 -156 4
61 -135 4
-69 -147 2
-12 65 1
-20 45 1
22 -108 4
44 -98 4
159 120 5
-221 205 3
-172 172 3
51 -98 4
-212 164 3
-2 38 1
-206 232 3
-181 242 3
-137 -130 2
-157 -140 2
164 139 5
240 95 5
12 -105 4
31 -103 4
44 -114 4
-16 81 1
-222 161 3
9 34 1
-169 -159 2
60 -134 4
-108 -176 2
53 -161 4
207 84 5
-143 -133 2
8 77 1
122 141 5
217 6 5
216 104 5
-203 -148 2
-210 219 3
73 -147 4
28 -90 4
53 -135 4
65 -98 4
76 -109 4
-6 46 1
-172 201 3
40 -132 4
-133 -168 2
15 63 1
-137 -126 2
-226 204 3
-142 -170 2
-25 57 1
-38 68 1
229 50 5
184 182 5
-244 168 3
35 -67 4
-159 -146 2
205 87 5
-162 -78 2
150 28 5
-144 -137 2
46 -115 4
14 68 1
55 -129 4
-236 135 3
-130 -171 2
56 -97 4
88 -67 4
199 25 5
-162 -156 2
-173 167 3
31 50 1
-200 -143 2
-131 197 3
184 74 5
23 -80 4
-257 255 3
31 -82 4
-4 43 1
-245 168 3
-135 -167 2
10 -84 4
-187 -182 2
-4 48 1
27 -62 4
55 -128 4
27 -110 4
-237 213 3
-212 138 3
36 -50 4
-158 118 3
156 142 5
-220 110 3
-166 174 3
69 -114 4
1 13 1
4 33 1
9 77 1
-252 180 3
-106 210 3
44 -105 4
17 -85 4
268 115 5
220 92 5
-176 -137 2
9 39 1
89 -141 4
91 -66 4
21 -96 4
9 63 1
-7 46 1
-171 188 3
-115 -124 2
197 149 5
-217 147 3
183 89 5
-219 200 3
45 -107 4
181 85 5
57 -114 4
96 -86 4
49 65 1
-162 -199 2
222 141 5
-174 147 3
226 161 5
71 -96 4
-154 -169 2
101 -102 4
-2 70 1
52 -103 4
248 3 5
-30 -81 4
195 134 5
115 93 5
-155 -156 2
-222 229 3
-168 131 3
175 31 5
83 -135 4
16 70 1
-194 117 3
-252 223 3
31 -115 4
-167 -170 2
198 46 5
26 42 1
19 73 1
-198 188 3
227 62 5
-187 180 3
-125 -160 2
0 49 1
60 -65 4
-94 199 3
53 -101 4
-122 -160 2
8 42 1
219 52 5
-15 59 1
-188 192 3
2 40 1
-156 207 3
205 22 5
-14 17 1
8 62 1
0 76 1
-136 -170 2
-179 -127 2
17 36 1
288 96 5
-104 -203 2
5 70 1
189 84 5
-8 45 1
-2 7 1
-63 -123 2
-22 49 1
-184 -106 2
-193 192 3
-22 34 1
-15 12 1
63 -112 4
-170 216 3
-203 259 3
30 -122 4
-242 259 3
9 47 1
-27 62 1
250 107 5
-136 -115 2
-197 184 3
164 59 5
-129 -157 2
-14 51 1
68 -123 4
105 -105 4
-5 27 1
-139 -163 2
13 -103 4
-20 40 1
77 -123 4
45 -95 4
239 188 5
53 -70 4
-116 -150 2
-200 186 3
-191 151 3
20 40 1
64 -80 4
63 -160 4
-136 -193 2
211 113 5
0 80 1
-173 -149 2
238 203 5
69 -80 4
-225 216 3
-72 -118 2
-178 180 3
-124 -148 2
-158 -185 2
-101 -137 2
-173 171 3
-99 -118 2
191 183 5
67 -73 4
-35 28 1
199 154 5
-181 93 3
-18 37 1
-147 -139 2
-173 -143 2
-161 275 3
-132 157 3
-131 -158 2
35 -95 4
-177 220 3
-164 160 3
-17 23 1
-199 172 3
-155 -121 2
43 -101 4
189 82 5
90 -96 4
12 32 1
59 -58 4
-239 276 3
-275 207 3
-112 -82 2
51 -100 4
5 85 1
2 38 1
-132 -178 2
-168 211 3
166 169 5
-206 220 3
210 12 5
-165 -120 2
-143 -162 2
251 107 5
-259 186 3
146 11 5
-17 68 1
235 121 5
-6 -130 4
-200 239 3
94 167 5
-194 -120 2
64 -107 4
255 183 5
55 -84 4
-4 29 1
69 -114 4
6 65 1
-235 202 3
-257 228 3
252 142 5
-164 243 3
-202 228 3
-163 183 3
-10 55 1
201 111 5
19 -127 4
43 -103 4
36 28 1
70 -120 4
-218 171 3
-146 -152 2
-216 172 3
-117 -146 2
-9 66 1
60 -48 4
16 -133 4
-14 56 1
-144 -163 2
163 101 5
-189 -147 2
28 46 1
-163 -113 2
187 89 5
51 -117 4
-183 169 3
7 49 1
213 103 5
-57 38 1
-227 194 3
184 75 5
-174 171 3
37 -97 4
-187 185 3
10 30 1
-130 -193 2
295 106 5
206 75 5
51 -78 4
-182 228 3
-3 40 1
-103 167 3
20 89 1
-4 27 1
42 -122 4
287 142 5
-175 171 3
6 44 1
50 -105 4
34 -124 4
-168 -165 2
-19 29 1
20 -77 4
24 -80 4
202 96 5
176 162 5
228 111 5
-163 234 3
-140 -76 2
252 85 5
-15 52 1
-221 128 3
46 -76 4
-126 -176 2
-28 52 1
176 111 5
27 39 1
153 129 5
194 72 5
213 151 5
-3 -98 4
187 60 5
-181 -188 2
152 150 5
-141 -159 2
-156 -123 2
-174 231 3
-180 136 3
-189 222 3
2 -23 1
35 -131 4
255 165 5
-250 176 3
-138 -158 2
-29 38 1
35 -91 4
-37 30 1
29 23 1
-207 214 3
0 40 1
7 54 1
239 111 5
55 -64 4
-18 64 1
34 -112 4
82 -83 4
-146 -157 2
-178 209 3
-204 -181 2
-210 161 3
-2 -99 4
-120 -142 2
151 76 5
35 30 1
0 45 1
-267 151 3
16 54 1
56 -97 4
33 -109 4
82 -94 4
229 82 5
54 -98 4
23 47 1
7 39 1
-152 -141 2
-150 -168 2
-174 -144 2
-36 41 1
158 53 5
34 -127 4
47 -98 4
236 105 5
-234 194 3
-95 196 3
206 122 5
-22 47 1
-161 -190 2
-178 -200 2
-4 62 1
256 132 5
176 66 5
38 -99 4
59 -65 4
11 -80 4
67 -89 4
33 63 1
-147 287 3
-178 -207 2
201 95 5
20 78 1
74 -75 4
-149 167 3
-15 60 1
19 -50 4
21 -92 4
34 -89 4
-195 179 3
-129 157 3
-200 250 3
10 21 1
-167 -220 2
9 -120 4
-270 125 3
105 59 5
171 89 5
-160 -134 2
-219 180 3
91 -123 4
39 -135 4
-119 -121 2
-156 -129 2
-121 230 3
7 -129 4
-132 -109 2
-87 -158 2
-147 139 3
16 -6 1
85 -88 4
32 -111 4
-28 81 1
107 -79 4
231 119 5
58 -91 4
4 22 1
80 91 5
-22 59 1
-166 -146 2
-195 176 3
-161 -86 2
38 -85 4
17 28 1
165 119 5
27 -126 4
-170 193 3
-204 179 3
-227 -128 2
154 75 5
-19 59 1
-50 65 1
239 143 5
-159 -196 2
-180 -134 2
90 -115 4
87 -106 4
-221 113 3
-235 248 3
-175 272 3
-166 271 3
74 -120 4
21 -97 4
42 -78 4
213 134 5
23 4 1
-80 -177 2
153 91 5
-152 -145 2
-132 -165 2
-167 231 3
38 46 1
-217 176 3
-184 283 3
-127 -116 2
-1 35 1
171 113 5
-217 225 3
21 -63 4
79 -110 4
6 -80 4
-1 25 1
85 -113 4
68 -94 4
20 74 1
5 -131 4
32 59 1
-145 225 3
21 38 1
-148 -171 2
9 -120 4
-153 -161 2
-5 92 1
217 -28 5
-10 9 1
259 98 5
-164 -112 2
-224 166 3
-187 248 3
7 -121 4
-180 270 3
-32 51 1
-200 -119 2
-169 -189 2
35 -129 4
128 209 5
93 87 5
-221 250 3
37 -109 4
170 90 5
-144 215 3
9 78 1
18 -111 4
45 -100 4
238 133 5
-136 -100 2
63 -105 4
-259 234 3
-6 40 1
-161 -126 2
11 38 1
-176 -172 2
-13 71 1
-156 -99 2
170 102 5
196 142 5
-19 32 1
-152 -132 2
90 -146 4
21 -114 4
-167 214 3
-153 -147 2
-164 -180 2
-228 211 3
-177 139 3
-272 260 3
-169 -161 2
279 156 5
221 132 5
239 65 5
-273 135 3
49 -98 4
73 -104 4
217 65 5
130 64 5
62 -117 4
-157 -176 2
91 -163 4
-113 -142 2
30 6 1
17 73 1
253 17 5
-114 -117 2
16 54 1
-102 -134 2
-201 -119 2
41 -67 4
105 77 5
24 49 1
14 -1 1
-124 -112 2
-2 41 1
70 -111 4
33 -113 4
224 37 5
75 216 5
-32 -77 4
185 151 5
79 -96 4
76 -133 4
137 160 5
187 88 5
-196 -245 2
-180 207 3
-12 45 1
243 68 5
2 84 1
-3 26 1
-154 -155 2
124 169 5
-80 -156 2
-126 -150 2
19 68 1
-114 -153 2
-192 253 3
65 -75 4
-5 54 1
-141 258 3
-93 -139 2
22 -69 4
41 -76 4
-122 -105 2
64 -91 4
39 -69 4
-155 -127 2
50 -63 4
-243 179 3
-134 -142 2
-156 -118 2
-124 -174 2
-15 76 1
-176 -117 2
30 -176 4
-190 177 3
-163 -83 2
42 -74 4
289 59 5
-91 -127 2
-183 -163 2
195 60 5
105 -113 4
149 90 5
-70 -142 2
-215 207 3
19 -108 4
2 37 1
39 -95 4
-143 175 3
71 -93 4
69 -72 4
-290 206 3
43 -113 4
59 -92 4
-174 -134 2
-251 207 3
-150 -178 2
48 -75 4
82 -136 4
34 -75 4
2 69 1
138 167 5
26 -96 4
258 118 5
-159 -163 2
-187 173 3
188 142 5
-114 -152 2
-190 159 3
6 86 1
33 38 1
96 -81 4
-82 -130 2
216 162 5
63 -130 4
-5 22 1
47 -81 4
-185 208 3
40 -150 4
-20 63 1
40 63 1
26 -88 4
15 -33 4
-132 214 3
2 28 1
22 46 1
2 -115 4
61 -112 4
19 71 1
-22 19 1
-150 -108 2
-151 155 3
68 -111 4
-159 -137 2
114 -115 4
-127 -74 2
-179 -170 2
-12 -127 4
50 -86 4
191 80 5
-23 68 1
-165 186 3
-193 -169 2
-180 -209 2
55 -84 4
-17 28 1
34 -100 4
-12 69 1
-187 131 3
-157 -128 2
128 78 5
-101 -116 2
-148 245 3
81 -51 4
16 59 1
-205 248 3
174 118 5
-116 -187 2
-188 -200 2
142 65 5
-149 239 3
-198 287 3
51 -116 4
-23 39 1
-287 211 3
-185 140 3
18 -85 4
263 177 5
45 -107 4
176 71 5
53 -124 4
-168 -135 2
-128 -138 2
-16 49 1
-155 -128 2
-170 169 3
144 242 5
43 -74 4
73 -90 4
270 153 5
-4 88 1
-185 -151 2
54 -97 4
220 52 5
-113 -110 2
17 46 1
127 184 5
3 -106 4
-27 40 1
68 -27 4
-186 249 3
-25 46 1
171 46 5
30 41 1
258 138 5
-204 136 3
47 -105 4
89 -71 4
-227 184 3
-150 -129 2
39 -85 4
54 -29 4
-191 104 3
197 41 5
69 -115 4
-167 -131 2
1 53 1
35 -110 4
37 -115 4
5 57 1
-119 234 3
-197 207 3
-154 168 3
54 -120 4
184 74 5
266 94 5
124 77 5
235 68 5
-215 163 3
-140 277 3
-132 -153 2
220 26 5
29 -90 4
62 -97 4
251 141 5
5 29 1
148 141 5
72 -93 4
-109 -157 2
168 109 5
135 106 5
-163 -136 2
77 -98 4
10 6 1
-215 193 3
57 -115 4
108 123 5
-226 224 3
11 29 1
-224 185 3
-4 51 1
5 31 1
158 88 5
-7 50 1
-130 214 3
-222 266 3
118 141 5
269 134 5
73 -154 4
173 91 5
-113 -203 2
39 -96 4
4 86 1
80 -76 4
-191 -149 2
53 -90 4
-142 205 3
104 -100 4
-217 -214 2
16 -99 4
-255 203 3
-197 224 3
-173 -148 2
-126 -158 2
-21 47 1
37 -107 4
61 -47 4
61 167 5
259 73 5
51 -89 4
4 77 1
-141 -135 2
-135 222 3
-186 -152 2
55 -158 4
-8 85 1
-174 -176 2
-152 -101 2
-151 -168 2
136 -39 5
235 106 5
178 125 5
219 111 5
171 153 5
-152 182 3
-22 69 1
-234 179 3
48 -131 4
-135 -122 2
-64 74 1
-186 -158 2
-1 67 1
-144 -109 2
177 72 5
57 -99 4
62 -88 4
180 108 5
-156 -130 2
-211 -95 2
206 36 5
-26 18 1
-148 -153 2
198 91 5
-184 196 3
16 -116 4
225 121 5
25 -128 4
49 -96 4
-30 20 1
36 -103 4
-103 -175 2
-147 -154 2
-2 42 1
275 112 5
-135 -117 2
-184 141 3
-24 73 1
-182 -151 2
25 -59 4
17 69 1
46 -73 4
-237 172 3
-231 145 3
-203 140 3
81 -110 4
204 121 5
-109 -120 2
-166 -135 2
-170 217 3
82 -118 4
-257 184 3
-132 187 3
18 15 1
-1 20 1
-140 158 3
197 1 5
-125 -176 2
141 130 5
267 86 5
206 54 5
-160 -126 2
-145 -127 2
-158 -161 2
-205 -161 2
16 -100 4
-146 76 3
27 59 1
-239 149 3
15 -77 4
-169 -170 2
-186 248 3
22 35 1
244 186 5
170 77 5
229 48 5
61 -121 4
-197 -158 2
181 81 5
5 42 1
36 -18 1
120 -84 4
-149 -130 2
22 66 1
-233 185 3
-20 63 1
51 -106 4
-2 31 1
23 30 1
30 -109 4
-14 56 1
26 18 1
28 -112 4
203 110 5
134 141 5
-123 -202 2
-204 202 3
207 160 5
37 -69 4
-211 241 3
78 -111 4
-159 142 3
-38 46 1
160 126 5
59 -110 4
-26 68 1
218 213 5
-200 -156 2
45 57 1
64 -93 4
-147 -148 2
45 -82 4
-246 188 3
204 75 5
-210 171 3
187 70 5
-140 -117 2
-202 207 3
-91 -108 2
-164 -169 2
139 95 5
-163 178 3
63 -92 4
-21 56 1
55 -109 4
-44 62 1
-213 -160 2
-175 -137 2
60 -138 4
-211 272 3
214 46 5
175 109 5
-187 -122 2
1 74 1
261 122 5
12 19 1
-257 191 3
174 136 5
-169 -143 2
73 -85 4
-200 239 3
-16 69 1
-146 -112 2
168 104 5
-259 166 3
-187 -163 2
62 -128 4
21 33 1
-167 -171 2
-161 -138 2
176 48 5
91 -123 4
253 134 5
209 47 5
-116 -176 2
-185 -142 2
76 -93 4
-125 -158 2
38 -117 4
127 57 5
24 65 1
247 127 5
-23 67 1
231 25 5
70 -106 4
3 54 1
-231 247 3
45 -114 4
-174 -131 2
-186 -174 2
40 -111 4
47 -66 4
-184 199 3
-130 -148 2
3 38 1
20 32 1
15 -90 4
-6 60 1
72 -65 4
209 103 5
3 -100 4
-131 -128 2
47 -144 4
-166 146 3
218 100 5
-94 -158 2
-208 167 3
-180 215 3
38 -129 4
-157 -142 2
-152 -137 2
-6 72 1
-35 81 1
-173 -164 2
25 59 1
-125 -155 2
-189 -122 2
203 96 5
-145 -139 2
-239 212 3
-167 195 3
5 66 1
-23 23 1
193 129 5
-148 261 3
218 120 5
-212 279 3
21 -79 4
-146 -106 2
-203 237 3
-252 250 3
106 -95 4
-248 175 3
57 -88 4
73 -84 4
-164 -151 2
-16 24 1
32 62 1
214 65 5
15 -103 4
-191 235 3
7 46 1
239 107 5
7 43 1
42 65 1
7 68 1
-198 169 3
-132 -93 2
180 85 5
24 25 1
-155 -154 2
-128 -133 2
17 -86 4
-175 -158 2
-231 233 3
-182 179 3
-213 174 3
-142 -135 2
73 -84 4
124 73 5
-91 -124 2
103 74 5
39 -135 4
72 -100 4
-147 -130 2
-159 209 3
-9 78 1
272 112 5
31 57 1
140 118 5
-130 -170 2
-147 260 3
-185 140 3
28 54 1
271 169 5
-198 212 3
25 -118 4
222 126 5
-51 44 1
-12 67 1
-165 -129 2
-263 220 3
72 -167 4
221 182 5
-114 -179 2
66 -75 4
-185 249 3
-177 -177 2
-159 208 3
-9 -116 4
-269 171 3
6 35 1
-154 195 3
-253 204 3
-8 46 1
43 -124 4
-177 236 3
17 131 1
2 29 1
-24 53 1
-13 66 1
8 48 1
38 -98 4
-184 205 3
-184 -154 2
190 2 5
-202 -125 2
237 186 5
-24 53 1
-19 -91 4
-13 63 1
-206 -74 2
-155 206 3
13 25 1
45 -80 4
14 52 1
-177 -139 2
241 5 5
-145 -125 2
74 -106 4
-104 -186 2
56 -107 4
-216 153 3
202 40 5
-7 49 1
-188 178 3
207 31 5
-176 183 3
73 -125 4
195 132 5
79 -92 4
-144 239 3
132 58 5
-19 62 1
228 168 5
-189 -167 2
-197 209 3
81 -113 4
39 -85 4
-136 -162 2
59 -81 4
-166 265 3
-33 34 1
-118 -171 2
-11 61 1
142 160 5
47 -96 4
-225 241 3
-16 63 1
161 55 5
-22 75 1
47 -90 4
-179 147 3
35 -84 4
25 37 1
214 95 5
46 -136 4
185 198 5
-141 242 3
-115 -139 2
62 -148 4
-174 -218 2
-280 202 3
-109 249 3
74 -89 4
97 134 5
206 76 5
155 168 5
18 78 1
13 -114 4
-194 159 3
-141 -187 2
146 54 5
-23 26 1
180 174 5
234 97 5
-204 174 3
191 32 5
260 152 5
247 31 5
3 54 1
-183 155 3
-159 178 3
8 -103 4
-265 256 3
14 -79 4
-16 93 1
51 -65 4
-169 -176 2
80 -78 4
6 62 1
35 -110 4
173 125 5
-143 -138 2
210 89 5
-138 -151 2
230 165 5
-109 -130 2
-222 281 3
-210 216 3
80 -51 4
6 35 1
28 -79 4
-186 212 3
-201 164 3
-18 70 1
22 33 1
43 -80 4
270 81 5
67 -102 4
4 76 1
-217 257 3
-172 -124 2
192 64 5
12 -88 4
-178 136 3
-10 54 1
194 177 5
215 137 5
6 -124 4
246 73 5
62 -118 4
18 -127 4
22 34 1
223 135 5
44 -129 4
9 68 1
25 56 1
-100 -169 2
13 61 1
18 73 1
-151 198 3
-93 -147 2
206 74 5
-209 160 3
198 72 5
3 44 1
-221 198 3
-154 -125 2
-183 218 3
173 118 5
97 112 5
188 174 5
-201 178 3
254 135 5
-172 233 3
72 -94 4
-172 156 3
-169 211 3
-251 190 3
-8 39 1
-8 31 1
31 -109 4
16 37 1
-28 47 1
295 130 5
-145 -145 2
-152 150 3
-20 32 1
-136 -154 2
51 -103 4
179 139 5
-37 52 1
72 -135 4
-126 -123 2
69 -121 4
-11 46 1
48 -88 4
56 -142 4
-119 -187 2
-133 -115 2
-24 54 1
124 105 5
-240 175 3
-185 -128 2
-220 -148 2
-209 -157 2
-128 -165 2
-19 84 1
-179 187 3
48 -42 4
-148 290 3
-147 -122 2
173 -2 5
16 -85 4
-215 219 3
-157 -108 2
205 118 5
163 66 5
85 -141 4
-12 66 1
0 50 1
108 111 5
64 -139 4
82 -117 4
-15 94 1
-203 242 3
282 148 5
-203 244 3
-156 -138 2
-41 66 1
184 45 5
-5 23 1
8 27 1
-197 -140 2
78 -89 4
210 109 5
63 -116 4
-191 210 3
57 -89 4
9 -84 4
-129 -142 2
93 -81 4
-262 226 3
-137 -143 2
6 46 1
-155 -139 2
190 143 5
28 65 1
35 -104 4
141 108 5
61 -67 4
213 17 5
-173 -124 2
198 54 5
206 111 5
212 181 5
-155 -182 2
-175 -149 2
-101 -146 2
-38 57 1
-169 -154 2
59 -88 4
161 105 5
1 -98 4
-96 -144 2
-114 177 3
104 -110 4
-158 -191 2
-205 284 3
0 60 1
-147 182 3
108 42 5
210 70 5
-200 198 3
58 -114 4
198 63 5
-193 218 3
73 -120 4
163 95 5
-176 -144 2
187 12 5
158 168 5
16 -130 4
-156 -214 2
-1 55 1
152 162 5
-180 -201 2
-183 104 3
-279 255 3
-249 184 3
-227 259 3
-192 -106 2
295 164 5
51 -89 4
268 55 5
47 -107 4
-150 109 3
-2 43 1
160 50 5
-189 -181 2
57 -85 4
223 88 5
213 210 5
225 185 5
-213 162 3
-217 212 3
207 71 5
-241 183 3
-187 -167 2
-253 226 3
-110 -136 2
59 -107 4
-37 39 1
42 -103 4
9 -97 4
-112 -181 2
289 147 5
164 100 5
-13 54 1
53 -101 4
49 -68 4
-22 34 1
-193 -209 2
-152 -163 2
12 72 1
159 45 5
237 60 5
-227 268 3
-159 -160 2
41 -82 4
9 90 1
-8 77 1
-21 22 1
8 86 1
90 -124 4
-12 11 1
74 -112 4
-160 186 3
34 -99 4
-130 -178 2
24 -102 4
15 -107 4
-226 266 3
36 -118 4
40 -137 4
-150 204 3
36 -95 4
166 155 5
65 -45 4
-179 -145 2
246 22 5
-160 -172 2
27 -99 4
-255 246 3
-23 53 1
-183 182 3
-209 -200 2
39 67 1
178 129 5
-17 39 1
271 109 5
-187 257 3
-153 232 3
-147 -163 2
-12 68 1
36 50 1
28 -129 4
-156 233 3
71 -100 4
-126 179 3
-208 160 3
19 111 1
37 -107 4
62 -93 4
-207 -111 2
229 52 5
-9 15 1
36 -126 4
-192 202 3
52 -109 4
-161 -144 2
68 -109 4
6 71 1
86 130 5
233 -7 5
-263 155 3
250 144 5
38 -92 4
-134 -133 2
174 38 5
7 65 1
253 66 5
51 59 1
-144 -83 2
-146 -177 2
-184 140 3
-212 218 3
121 -135 4
74 -99 4
-3 46 1
21 26 1
236 100 5
-137 -121 2
209 134 5
15 50 1
44 -94 4
-192 171 3
-9 61 1
-29 60 1
-206 -148 2
41 -76 4
-151 -121 2
-145 -196 2
-5 49 1
-239 222 3
12 -108 4
195 146 5
191 142 5
166 124 5
57 -92 4
154 117 5
171 202 5
47 -109 4
272 89 5
-171 -141 2
49 -77 4
211 64 5
4 40 1
-172 -186 2
-22 8 1
-148 -141 2
-256 191 3
27 -98 4
56 -80 4
-186 -162 2
78 -128 4
-36 63 1
-5 77 1
-251 148 3
127 74 5
54 -66 4
181 128 5
-230 201 3
19 16 1
-163 111 3
-25 57 1
-175 -157 2
-133 -77 2
-167 -151 2
59 -86 4
8 22 1
-174 243 3
57 -93 4
210 -11 5
11 55 1
-2 63 1
113 146 5
19 -59 4
12 41 1
246 130 5
-269 133 3
234 175 5
-171 -157 2
41 -150 4
-8 67 1
23 52 1
-192 197 3
273 182 5
-165 -151 2
-34 26 1
-103 -102 2
235 51 5
246 95 5
69 -149 4
-200 157 3
-211 259 3
-153 -96 2
147 199 5
-1 36 1
-110 -125 2
-181 -203 2
193 93 5
-172 222 3
42 -118 4
48 -69 4
-19 83 1
284 43 5
24 32 1
-169 -141 2
11 19 1
-142 -141 2
-257 258 3
-157 -142 2
180 127 5
-210 197 3
202 86 5
-169 -138 2
225 30 5
19 70 1
277 66 5
76 -120 4
-223 197 3
67 -108 4
-187 183 3
-152 184 3
-155 -106 2
85 -75 4
-142 196 3
64 -95 4
-232 222 3
-184 200 3
-159 199 3
141 158 5
262 9 5
20 -121 4
-12 66 1
39 -100 4
245 102 5
82 164 5
34 -105 4
87 -51 4
-234 206 3
-128 199 3
-137 -174 2
-17 92 1
32 78 1
210 173 5
67 -130 4
26 -72 4
-175 -158 2
177 15 5
138 102 5
11 57 1
-163 204 3
-173 115 3
19 47 1
-193 -159 2
207 106 5
-247 159 3
148 112 5
197 116 5
-189 203 3
8 -104 4
54 -81 4
42 -120 4
25 52 1
-225 223 3
-183 242 3
50 -135 4
-2 33 1
212 67 5
60 -122 4
-186 277 3
-150 -111 2
299 89 5
183 123 5
-137 147 3
-226 151 3
-252 193 3
-178 205 3
216 54 5
2 22 1
20 53 1
3 57 1
181 87 5
-118 -119 2
-200 -139 2
55 -78 4
19 -62 4
51 -76 4
208 159 5
16 -2 1
-211 201 3
-135 -145 2
75 -97 4
-148 -192 2
-118 -140 2
-214 216 3
-205 -199 2
-183 209 3
33 -99 4
-24 9 1
-269 276 3
121 -3 5
-183 -113 2
36 -63 4
230 197 5
-200 232 3
-243 201 3
204 127 5
219 90 5
60 -81 4
-186 131 3
-186 196 3
41 -62 4
-215 168 3
11 40 1
0 36 1
2 8 1
-113 -185 2
-138 -135 2
67 -115 4
107 144 5
170 135 5
225 111 5
29 -104 4
56 -102 4
-204 204 3
-128 -154 2
-246 158 3
119 91 5
-113 -104 2
37 -147 4
-126 172 3
-169 179 3
-197 181 3
73 -48 4
193 97 5
159 40 5
-279 161 3
-9 44 1
7 87 1
37 36 1
-6 35 1
235 75 5
222 33 5
-167 236 3
-159 -132 2
48 37 1
-184 159 3
197 135 5
-153 -99 2
-31 39 1
18 47 1
-163 217 3
14 44 1
231 68 5
-2 56 1
-155 -117 2
-139 -116 2
-14 66 1
222 100 5
55 -108 4
8 -157 4
178 114 5
-134 -132 2
-178 207 3
182 -4 5
16 45 1
32 -114 4
-121 -137 2
43 -71 4
-201 199 3
-216 242 3
-168 175 3
192 39 5
16 63 1
40 30 1
-23 37 1
40 55 1
287 37 5
14 33 1
218 71 5
-113 -131 2
-143 -107 2
177 44 5
105 156 5
-130 -80 2
185 145 5
-120 217 3
40 -110 4
4 67 1
-21 22 1
32 -143 4
-171 -167 2
-152 190 3
-121 120 3
204 -8 5
64 -131 4
226 10 5
28 -100 4
-178 -170 2
-9 68 1
19 -81 4
152 108 5
-36 48 1
-172 146 3
-220 -132 2
83 -130 4
29 -67 4
-127 -121 2
69 -110 4
-33 53 1
92 -106 4
-150 -165 2
-26 32 1
-22 18 1
68 -94 4
199 142 5
188 85 5
-145 -184 2
-158 -106 2
211 173 5
34 70 1
30 -67 4
62 -104 4
-248 149 3
157 101 5
-120 263 3
134 34 5
-144 218 3
-221 203 3
-128 -145 2
-6 32 1
44 -117 4
-130 -217 2
23 52 1
58 -80 4
-21 35 1
227 92 5
15 27 1
38 -154 4
38 -78 4
168 136 5
-203 -134 2
144 128 5
-13 48 1
51 66 1
-134 -100 2
-14 60 1
-187 211 3
3 38 1
140 90 5
-2 66 1
-158 100 3
12 -95 4
-175 247 3
61 -101 4
77 -110 4
-161 -122 2
-157 -169 2
-237 208 3
23 49 1
-170 -154 2
213 153 5
227 63 5
-173 173 3
226 121 5
214 217 5
55 -41 4
-52 41 1
68 -99 4
-129 -129 2
-131 -160 2
-145 -199 2
-123 -135 2
2 87 1
-188 -124 2
251 67 5
-173 -57 2
-273 232 3
-164 -106 2
24 -96 4
-109 189 3
63 -44 4
-223 -156 2
-137 -174 2
111 16 5
46 -90 4
-40 35 1
-121 -188 2
199 61 5
-153 -162 2
-282 199 3
15 15 1
-198 -169 2
-114 -115 2
168 111 5
82 -97 4
253 156 5
43 -146 4
-215 216 3
-145 -183 2
-156 -159 2
44 -138 4
-222 164 3
-167 -117 2
-225 208 3
153 71 5
70 -92 4
-153 -142 2
207 109 5
-159 288 3
-170 -187 2
293 38 5
-145 -164 2
-193 224 3
-290 210 3
52 -93 4
-165 -114 2
-246 194 3
51 -87 4
-202 241 3
189 40 5
-162 -179 2
8 60 1
-166 220 3
195 6 5
-84 -209 2
-194 215 3
39 -129 4
1 18 1
60 -122 4
171 34 5
-168 -133 2
11 77 1
-192 209 3
241 172 5
-168 -167 2
154 175 5
-13 63 1
172 98 5
-125 -160 2
-100 -118 2
-161 -162 2
-233 186 3
159 87 5
230 67 5
-192 242 3
-209 221 3
255 109 5
-235 205 3
-169 195 3
49 81 1
6 33 1
51 -112 4
-181 -233 2
148 126 5
-4 48 1
149 155 5
-200 243 3
42 -93 4
-16 53 1
268 66 5
20 32 1
210 50 5
-120 -169 2
26 49 1
193 101 5
-146 -108 2
29 -74 4
44 -105 4
9 56 1
62 -104 4
-154 -187 2
-197 -143 2
147 208 5
-7 85 1
-280 232 3
197 66 5
-169 -185 2
-159 -119 2
-126 -152 2
71 -111 4
-189 -111 2
20 -28 4
-190 197 3
-156 -144 2
-191 173 3
-226 -100 2
-120 -162 2
186 66 5
-221 202 3
-20 72 1
-149 -126 2
188 51 5
50 -102 4
-235 212 3
-241 230 3
-157 264 3
19 20 1
99 -56 4
-141 -187 2
-155 -168 2
59 -124 4
34 -117 4
197 131 5
-15 46 1
-5 72 1
-132 -119 2
161 95 5
1 68 1
-178 -162 2
-29 78 1
41 -38 4
-177 -130 2
22 63 1
190 41 5
20 -96 4
-154 125 3
-196 -133 2
-151 -172 2
54 -111 4
-181 -151 2
-110 -210 2
28 37 1
-130 -134 2
-179 -167 2
44 39 1
-131 -169 2
184 39 5
177 170 5
78 -114 4
-134 -141 2
29 -99 4
-142 252 3
-8 80 1
154 14 5
-135 -130 2
159 93 5
-217 210 3
-178 -167 2
-7 45 1
-40 29 1
39 -91 4
123 70 5
-127 -188 2
-230 164 3
191 119 5
109 70 5
-180 157 3
-176 -170 2
83 -95 4
283 212 5
-220 185 3
-3 78 1
-234 213 3
75 -134 4
-199 192 3
139 75 5
-149 -227 2
-144 171 3
46 -172 4
-141 183 3
33 61 1
-9 56 1
-23 43 1
-33 15 1
19 -119 4
1 35 1
197 97 5
-156 -145 2
-185 188 3
-150 -105 2
-13 42 1
-11 57 1
260 -20 5
56 -77 4
1 42 1
74 -56 4
39 54 1
-119 -166 2
187 86 5
-198 227 3
173 71 5
4 33 1
205 21 5
-84 -154 2
162 144 5
45 -102 4
-140 -157 2
-11 56 1
-189 -148 2
-96 -212 2
188 134 5
18 31 1
28 72 1
-138 -150 2
49 -128 4
49 -93 4
33 52 1
-251 196 3
-27 34 1
-207 181 3
-142 -134 2
-221 224 3
5 28 1
-156 -128 2
-114 156 3
-158 -185 2
185 78 5
-153 130 3
-1 63 1
-220 224 3
-165 152 3
-201 150 3
170 134 5
-169 187 3
213 122 5
-164 -183 2
59 -127 4
70 -125 4
-22 31 1
246 136 5
-158 214 3
257 117 5
209 167 5
-200 224 3
6 43 1
-153 -175 2
46 -99 4
54 -153 4
239 150 5
62 -64 4
-3 -113 4
-181 132 3
220 -12 5
-37 75 1
56 -128 4
-176 -156 2
158 116 5
180 83 5
49 -107 4
-170 -221 2
46 -110 4
-235 206 3
60 -74 4
11 -38 4
30 17 1
222 117 5
32 75 1
-8 27 1
246 60 5
-175 130 3
-184 171 3
-24 34 1
-9 32 1
-136 -150 2
-178 209 3
22 45 1
-203 212 3
-158 -148 2
64 -101 4
59 -96 4
22 -81 4
-155 228 3
-114 -160 2
81 -137 4
-253 253 3
225 106 5
239 64 5
-2 42 1
-22 24 1
-200 209 3
246 142 5
193 44 5
-5 61 1
-241 151 3
165 118 5
82 -115 4
-177 223 3
45 -139 4
48 -117 4
2 50 1
-4 47 1
-139 208 3
225 84 5
-126 -91 2
-162 -116 2
-197 173 3
-202 219 3
-18 6 1
28 -109 4
-257 206 3
-194 -140 2
-131 289 3
-142 -142 2
34 -75 4
-55 44 1
52 -135 4
-21 27 1
54 -115 4
-157 171 3
223 64 5
-238 264 3
208 128 5
-113 -150 2
151 96 5
24 46 1
276 90 5
-167 -175 2
-280 194 3
-201 -204 2
-195 228 3
-16 20 1
6 33 1
-144 -118 2
32 -79 4
-104 -133 2
-117 -218 2
-18 70 1
-184 206 3
36 -102 4
146 151 5
132 62 5
245 63 5
16 56 1
-138 -146 2
-196 180 3
-175 217 3
8 45 1
-285 207 3
-284 250 3
221 81 5
-129 -138 2
-204 244 3
-131 -139 2
44 -76 4
105 -131 4
26 29 1
0 36 1
-166 213 3
33 -161 4
44 -121 4
99 43 5
188 139 5
-134 -177 2
-21 81 1
204 44 5
-203 239 3
86 -103 4
25 22 1
1 17 1
-134 -157 2
-199 -185 2
-226 -174 2
48 -57 4
-224 228 3
4 -88 4
273 111 5
-95 -159 2
-15 79 1
195 105 5
215 141 5
27 45 1
48 -83 4
-220 213 3
-226 167 3
-175 -133 2
45 -108 4
-139 -183 2
-3 40 1
4 62 1
-197 -84 2
68 -128 4
225 143 5
13 95 1
-181 268 3
-247 172 3
21 45 1
-157 -166 2
72 -103 4
-219 191 3
135 127 5
194 7 5
226 33 5
-150 156 3
-172 -135 2
-106 -112 2
-153 -105 2
-201 -127 2
-206 -142 2
-205 -165 2
-221 186 3
54 -100 4
-174 -173 2
116 79 5
-217 -107 2
81 -106 4
181 -30 5
-12 46 1
-30 59 1
-164 -137 2
-213 199 3
200 127 5
-172 223 3
-30 65 1
-81 -127 2
-145 -144 2
278 155 5
60 -119 4
215 28 5
59 -68 4
208 111 5
54 -109 4
11 44 1
-193 -173 2
164 158 5
156 82 5
9 60 1
196 149 5
152 183 5
-162 -120 2
79 -106 4
38 -89 4
-174 -151 2
-168 -151 2
19 70 1
63 -119 4
170 71 5
-132 -178 2
17 37 1
25 77 1
-195 235 3
44 -92 4
247 16 5
159 56 5
192 103 5
26 -94 4
233 20 5
65 -109 4
-37 43 1
80 -94 4
31 -52 4
-142 -207 2
-91 -156 2
140 69 5
-15 68 1
14 36 1
-145 -153 2
31 -97 4
219 51 5
-135 -146 2
72 -76 4
-166 179 3
-170 -151 2
24 43 1
-119 -163 2
-17 26 1
249 145 5
7 27 1
40 -118 4
135 -102 4
282 84 5
-228 242 3
121 108 5
-152 161 3
-181 260 3
257 6 5
2 60 1
-181 206 3
-232 212 3
42 -115 4
129 136 5
24 43 1
-163 -128 2
-128 -141 2
67 -86 4
208 67 5
35 -101 4
-17 63 1
69 -76 4
-8 37 1
34 -105 4
269 145 5
193 116 5
-188 271 3
7 49 1
-22 58 1
248 80 5
292 184 5
96 -64 4
22 31 1
-129 -156 2
-216 219 3
-16 31 1
55 -73 4
-212 188 3
45 -104 4
178 56 5
13 -138 4
80 -77 4
42 -80 4
-300 248 3
-216 173 3
29 -100 4
-13 34 1
-191 166 3
157 147 5
76 -98 4
-159 -139 2
8 35 1
-249 -122 2
1 73 1
-165 -133 2
57 -126 4
20 -94 4
0 45 1
98 -110 4
29 72 1
-229 147 3
205 55 5
-158 -71 2
-151 227 3
47 -97 4
-102 -199 2
-22 8 1
240 161 5
277 43 5
172 71 5
-168 -149 2
-154 -208 2
-125 -170 2
-9 65 1
-225 291 3
147 35 5
63 -99 4
-240 170 3
-239 170 3
-7 102 1
-149 -126 2
50 -95 4
-229 193 3
-23 9 1
-224 237 3
-178 221 3
47 47 1
60 -106 4
121 106 5
187 140 5
150 63 5
216 93 5
91 -136 4
129 24 5
-150 -128 2
-108 -89 2
-167 256 3
22 -141 4
-132 171 3
-169 -173 2
13 93 1
33 -112 4
-8 57 1
14 8 1
-231 144 3
-207 172 3
-164 -77 2
143 78 5
265 143 5
11 -86 4
-203 210 3
-220 213 3
159 49 5
204 173 5
-194 160 3
-24 31 1
-199 235 3
-146 -139 2
-178 193 3
-269 193 3
-198 265 3
26 48 1
30 67 1
5 36 1
185 22 5
14 34 1
-159 -161 2
-121 -155 2
88 -117 4
-141 237 3
-1 -63 4
-191 197 3
-12 36 1
16 48 1
24 -15 1
36 -145 4
-169 203 3
54 -98 4
-185 -170 2
-130 -134 2
14 44 1
137 128 5
-4 82 1
-208 -122 2
-7 58 1
-156 172 3
29 -109 4
-112 201 3
52 -118 4
25 -81 4
47 -125 4
-9 61 1
-266 234 3
73 -95 4
-235 191 3
-202 257 3
-179 166 3
185 103 5
-146 -173 2
242 54 5
69 -85 4
281 112 5
17 92 1
-135 -181 2
47 -98 4
3 61 1
223 182 5
-179 -110 2
193 140 5
49 78 1
-185 -132 2
-178 -185 2
-157 -91 2
-26 35 1
-27 45 1
180 98 5
10 -83 4
244 204 5
-235 200 3
7 36 1
-11 89 1
224 70 5
32 -81 4
-126 -151 2
-177 172 3
190 129 5
-162 -135 2
-147 -166 2
-182 143 3
-135 -198 2
-214 121 3
258 86 5
-231 205 3
-178 187 3
228 154 5
201 253 5
15 42 1
205 60 5
24 62 1
-208 -164 2
40 -109 4
16 83 1
8 73 1
21 -109 4
71 -49 4
-14 29 1
40 -117 4
61 -102 4
-175 210 3
-170 -92 2
225 56 5
62 -70 4
21 -118 4
11 70 1
-199 165 3
1 -95 4
-129 -146 2
31 -93 4
156 32 5
-148 -154 2
190 104 5
-10 54 1
-180 -159 2
154 142 5
-152 -86 2
-169 221 3
-124 -128 2
-218 219 3
-127 -171 2
-133 -106 2
23 -105 4
235 -5 5
-168 -222 2
-123 -187 2
38 -92 4
-34 76 1
233 123 5
220 169 5
-7 78 1
40 -113 4
-162 -98 2
144 120 5
-174 -140 2
-153 -146 2
-132 213 3
41 -98 4
158 119 5
-131 -157 2
204 87 5
-244 188 3
30 -74 4
187 91 5
59 -93 4
89 -119 4
0 55 1
-80 147 3
-3 72 1
162 38 5
240 180 5
51 -103 4
-128 -160 2
-174 -88 2
5 57 1
-4 35 1
36 -66 4
39 -42 4
251 46 5
221 22 5
-222 115 3
48 -71 4
-252 114 3
-202 123 3
-230 133 3
205 196 5
-199 212 3
73 -62 4
-9 43 1
-8 51 1
-11 41 1
6 70 1
-10 49 1
-149 159 3
31 75 1
33 -75 4
0 40 1
141 98 5
213 81 5
-219 207 3
-10 46 1
224 101 5
-190 170 3
-156 223 3
-203 235 3
34 -158 4
-133 -128 2
64 -106 4
53 -105 4
-164 -118 2
-38 49 1
217 173 5
-115 -154 2
198 82 5
84 -129 4
62 -92 4
-154 -171 2
71 -91 4
-137 -111 2
-158 -166 2
-1 47 1
-147 -155 2
-119 -155 2
-189 198 3
-192 177 3
209 53 5
-127 -183 2
-245 257 3
82 -110 4
231 76 5
-190 -172 2
132 131 5
-36 35 1
-7 16 1
207 109 5
126 116 5
61 -85 4
34 -98 4
175 94 5
268 83 5
62 -85 4
-2 -92 4
-142 -162 2
97 -141 4
42 -102 4
181 166 5
-179 195 3
-5 59 1
37 65 1
-218 196 3
-198 206 3
205 88 5
28 19 1
-178 -174 2
81 -95 4
-256 226 3
19 -81 4
-18 81 1
-9 51 1
164 112 5
76 -62 4
43 -106 4
-132 -98 2
166 58 5
197 137 5
-81 -128 2
124 165 5
-144 214 3
-1 87 1
-147 -139 2
-16 69 1
-142 -180 2
76 -79 4
-9 21 1
29 -98 4
22 11 1
2 42 1
137 81 5
38 -125 4
-156 -127 2
-174 -123 2
49 -134 4
-159 269 3
207 39 5
58 -140 4
-152 -160 2
6 47 1
-221 215 3
-196 -112 2
-161 117 3
-3 28 1
86 -111 4
67 -86 4
-196 189 3
-7 63 1
-140 -162 2
187 210 5
-119 -186 2
123 -104 4
-153 223 3
3 -91 4
230 197 5
248 174 5
259 187 5
-9 46 1
20 77 1
172 270 5
-16 59 1
-147 -187 2
-193 186 3
136 63 5
248 99 5
69 -65 4
-269 230 3
-37 24 1
-65 -155 2
59 -78 4
-143 244 3
-133 199 3
10 15 1
-216 150 3
-12 63 1
-170 -177 2
-207 136 3
-159 196 3
29 -107 4
9 70 1
-11 29 1
-181 206 3
5 81 1
47 -68 4
-149 219 3
-169 133 3
46 -83 4
260 133 5
-147 -150 2
-206 177 3
241 150 5
235 67 5
10 58 1
-153 -111 2
65 -67 4
-163 -133 2
-188 178 3
243 42 5
-190 -144 2
15 43 1
-231 169 3
-185 -169 2
49 -110 4
-157 -118 2
-100 -119 2
150 149 5
77 -139 4
-15 48 1
-194 200 3
3 79 1
51 -108 4
70 -110 4
179 147 5
253 96 5
-219 212 3
-179 268 3
-130 -192 2
-24 12 1
-11 30 1
-137 -123 2
184 191 5
-159 -111 2
123 -86 4
-264 150 3
-139 -141 2
200 184 5
-201 176 3
-171 -118 2
-40 50 1
-44 65 1
-236 208 3
22 74 1
216 80 5
10 52 1
65 -87 4
38 -113 4
-210 219 3
46 -122 4
-129 -123 2
40 73 1
203 227 5
-178 199 3
83 -144 4
-123 -149 2
63 -103 4
-194 -161 2
-193 -188 2
57 -104 4
45 -123 4
3 60 1
-197 158 3
-111 -126 2
-174 191 3
139 22 5
-150 -162 2
186 79 5
73 -94 4
14 40 1
-21 47 1
-193 209 3
-149 -150 2
31 -57 4
192 203 5
-216 236 3
-8 45 1
-168 -160 2
-203 203 3
13 66 1
10 67 1
-181 -147 2
-226 -167 2
56 -80 4
47 -106 4
72 -99 4
246 78 5
185 64 5
241 72 5
-27 55 1
120 -63 4
28 -116 4
26 64 1
3 39 1
54 -77 4
282 92 5
-173 226 3
253 159 5
16 -96 4
-168 -108 2
-195 120 3
-17 63 1
-188 198 3
53 -142 4
168 95 5
-184 -137 2
-18 55 1
-7 48 1
38 -73 4
-21 39 1
-164 -162 2
-103 -140 2
237 59 5
97 -93 4
29 -76 4
-222 217 3
39 62 1
56 -119 4
60 -87 4
7 41 1
-151 -98 2
228 167 5
34 -79 4
283 139 5
16 -76 4
-155 281 3
-126 -75 2
-172 -106 2
16 59 1
173 69 5
30 -81 4
215 38 5
170 250 5
36 -75 4
71 -120 4
58 -80 4
-187 213 3
-182 -135 2
153 174 5
-150 -130 2
-192 231 3
38 -87 4
-165 -179 2
-9 28 1
-106 -158 2
139 83 5
106 91 5
-239 257 3
-18 44 1
23 29 1
-192 200 3
233 123 5
-206 134 3
-136 -100 2
-31 72 1
-166 -138 2
172 27 5
181 127 5
275 123 5
-12 32 1
-157 199 3
164 64 5
110 122 5
162 77 5
-146 120 3
-107 -183 2
-31 11 1
82 -113 4
-184 212 3
-1 28 1
-126 -144 2
-177 126 3
49 -43 4
-1 -70 4
59 -97 4
161 47 5
12 24 1
49 62 1
58 -111 4
3 -110 4
256 72 5
39 -143 4
-185 -135 2
299 37 5
-124 -172 2
-184 -161 2
-140 -140 2
-119 -96 2
-16 75 1
-200 220 3
2 -134 4
-104 -174 2
-105 -150 2
156 133 5
17 16 1
32 -82 4
-204 176 3
-234 282 3
86 -61 4
-130 -150 2
244 81 5
20 -113 4
78 -93 4
-183 161 3
37 -101 4
142 89 5
-231 211 3
-135 -131 2
-191 235 3
1 80 1
-194 195 3
202 65 5
139 55 5
-149 220 3
165 96 5
204 5 5
-162 -146 2
79 -114 4
-152 -107 2
-206 220 3
127 127 5
241 79 5
4 -86 4
-158 -160 2
16 76 1
234 67 5
24 -104 4
215 172 5
10 39 1
-144 -149 2
13 59 1
17 59 1
201 38 5
13 96 1
-120 -189 2
24 -116 4
-152 172 3
206 88 5
29 25 1
220 176 5
-245 161 3
246 152 5
-35 30 1
-172 269 3
179 70 5
-211 183 3
3 79 1
-156 242 3
0 -68 4
93 -112 4
-2 49 1
-213 194 3
-140 -202 2
60 -105 4
-244 173 3
27 -88 4
-179 -167 2
15 56 1
-30 40 1
204 61 5
-127 -155 2
188 85 5
16 -69 4
188 184 5
-178 -114 2
-23 49 1
-172 -172 2
-156 -185 2
-5 -70 4
-270 183 3
-282 188 3
-142 -164 2
25 -77 4
11 40 1
-146 -101 2
-132 -136 2
-205 266 3
44 -96 4
-200 -167 2
-126 -135 2
226 78 5
17 -79 4
25 32 1
12 40 1
-145 -101 2
-111 -159 2
-224 238 3
137 106 5
190 64 5
-116 -128 2
-145 -102 2
-98 -169 2
19 72 1
-165 184 3
205 59 5
-172 176 3
40 -103 4
34 -116 4
-134 -121 2
-157 167 3
147 108 5
225 119 5
-163 -193 2
-13 51 1
-182 214 3
2 53 1
-159 -116 2
-138 228 3
245 114 5
33 -114 4
92 -139 4
24 77 1
-143 213 3
-12 58 1
44 -73 4
35 -86 4
24 36 1
191 38 5
-90 179 3
-117 -156 2
-219 179 3
52 34 1
15 51 1
51 -125 4
-143 -181 2
-120 201 3
46 -118 4
43 -102 4
49 -139 4
56 -55 4
-172 -146 2
-248 200 3
-223 193 3
167 131 5
-121 -135 2
194 123 5
156 86 5
-34 13 1
157 105 5
199 142 5
259 161 5
-195 -122 2
-137 -164 2
-124 -128 2
-87 -141 2
176 76 5
1 32 1
-161 130 3
242 104 5
155 203 5
-178 237 3
-7 60 1
-158 260 3
-259 167 3
-157 -136 2
64 -61 4
69 -72 4
213 113 5
34 -81 4
-230 222 3
187 132 5
-183 185 3
56 -91 4
-2 50 1
195 98 5
-138 237 3
78 -98 4
-156 -163 2
-7 89 1
-169 203 3
-159 218 3
-198 -216 2
-153 -175 2
-35 58 1
-125 -112 2
0 42 1
-200 206 3
-159 -184 2
-145 -152 2
-174 223 3
89 -41 4
48 -99 4
-163 145 3
62 -70 4
80 -48 4
-16 60 1
-2 50 1
251 65 5
-232 253 3
-155 -193 2
-143 -158 2
-15 73 1
-96 167 3
48 -128 4
83 -106 4
21 39 1
-283 134 3
225 148 5
-178 190 3
225 134 5
75 -85 4
51 -109 4
41 -90 4
-1 55 1
-128 -177 2
-147 -207 2
-136 -96 2
26 25 1
-110 -90 2
-159 -136 2
224 160 5
27 -148 4
-41 43 1
47 -141 4
-255 173 3
10 -16 1
-128 -169 2
-178 -111 2
36 -124 4
61 -85 4
-32 38 1
17 79 1
9 69 1
185 27 5
-224 196 3
-237 274 3
180 213 5
-176 -68 2
72 -71 4
-158 260 3
150 70 5
68 -126 4
71 -89 4
-179 217 3
61 -77 4
115 -96 4
10 58 1
-155 211 3
-172 178 3
-12 66 1
158 98 5
177 59 5
-188 -150 2
149 27 5
24 -93 4
-109 177 3
211 145 5
48 90 1
19 -158 4
-245 244 3
84 -77 4
139 168 5
-12 60 1
-102 -125 2
-239 225 3
-252 193 3
284 85 5
51 -75 4
37 -132 4
185 137 5
7 70 1
-166 -162 2
195 51 5
-142 -181 2
242 111 5
202 96 5
-154 -152 2
216 152 5
-144 214 3
1 61 1
70 -112 4
51 -111 4
33 63 1
-124 -133 2
-153 -146 2
-176 -108 2
-184 -130 2
-148 -142 2
-169 -120 2
204 150 5
-22 35 1
-131 -140 2
174 114 5
-179 -175 2
2 43 1
212 110 5
43 -85 4
197 220 5
-66 153 3
-17 77 1
92 108 5
170 80 5
-180 218 3
295 144 5
-22 64 1
22 -143 4
-167 -161 2
211 83 5
222 161 5
-7 45 1
219 79 5
59 -118 4
18 -102 4
60 -89 4
-244 182 3
-39 48 1
-157 96 3
135 78 5
-161 134 3
39 82 1
-24 38 1
264 7 5
-11 56 1
-22 48 1
51 -86 4
249 96 5
-203 159 3
-177 -172 2
-214 215 3
56 -93 4
44 -135 4
-84 -157 2
47 -97 4
-235 157 3
219 54 5
47 -83 4
-95 -97 2
237 176 5
4 -116 4
2 34 1
-192 -150 2
-135 174 3
-123 -132 2
15 23 1
226 117 5
109 -56 4
168 14 5
-292 144 3
-183 226 3
-185 153 3
6 51 1
285 54 5
-107 -171 2
218 110 5
-142 -147 2
40 -105 4
166 60 5
39 -68 4
-113 -133 2
193 43 5
-101 -147 2
-207 187 3
-127 149 3
254 -3 5
-131 -134 2
20 54 1
2 63 1
-170 222 3
-238 188 3
207 65 5
-143 -149 2
-142 -160 2
40 78 1
-195 155 3
70 -93 4
2 50 1
14 69 1
-143 -158 2
181 101 5
-100 -152 2
-169 191 3
38 38 1
34 -124 4
33 -75 4
-15 7 1
198 108 5
-157 -151 2
182 71 5
-187 -169 2
160 123 5
129 201 5
-80 -175 2
-203 214 3
4 68 1
198 153 5
247 80 5
31 54 1
-176 176 3
-128 -145 2
-114 -125 2
185 80 5
24 -90 4
-21 43 1
13 -101 4
-10 56 1
79 -107 4
236 84 5
5 68 1
32 -81 4
-19 92 1
-179 180 3
-230 192 3
272 91 5
-7 63 1
-195 -169 2
217 72 5
-272 212 3
-180 248 3
238 166 5
-138 -175 2
240 115 5
68 -114 4
-279 214 3
-213 -123 2
60 -99 4
214 152 5
-141 -145 2
5 65 1
-115 -202 2
19 37 1
73 -111 4
244 152 5
-166 -150 2
22 -85 4
241 134 5
191 159 5
-2 78 1
119 66 5
8 51 1
30 45 1
139 134 5
49 -116 4
37 -124 4
-117 -208 2
-9 21 1
66 -112 4
59 -107 4
186 94 5
-140 224 3
277 66 5
-233 207 3
-154 173 3
-131 -176 2
-144 191 3
1 43 1
247 162 5
63 -82 4
50 -88 4
251 61 5
-1 -77 4
29 -106 4
138 71 5
-130 -125 2
81 -102 4
48 37 1
121 113 5
9 54 1
-162 -168 2
-129 -106 2
186 120 5
-113 -150 2
54 -86 4
198 78 5
198 35 5
-287 195 3
30 -114 4
56 -128 4
-135 -168 2
16 67 1
-12 72 1
20 37 1
-123 -170 2
79 -81 4
-154 139 3
-151 -88 2
-107 -120 2
-244 234 3
14 74 1
195 86 5
-156 213 3
-1 76 1
-151 211 3
288 94 5
90 -134 4
86 -123 4
-291 210 3
95 -91 4
151 14 5
-182 -174 2
24 25 1
179 124 5
237 60 5
-175 250 3
183 86 5
49 -104 4
31 37 1
-4 45 1
200 106 5
170 47 5
-208 217 3
12 58 1
63 24 1
20 46 1
-3 33 1
156 33 5
139 152 5
-14 -83 4
16 38 1
28 62 1
56 -149 4
-170 -144 2
22 34 1
175 125 5
55 -88 4
28 -119 4
52 48 1
258 93 5
-179 -161 2
75 -88 4
113 -83 4
76 -115 4
153 44 5
13 -127 4
51 -100 4
-241 191 3
-133 -147 2
-271 258 3
-130 -138 2
236 133 5
258 156 5
-24 52 1
235 24 5
64 -91 4
240 78 5
-218 190 3
-114 -160 2
213 92 5
19 25 1
49 -94 4
-178 -147 2
211 37 5
91 -37 4
-195 -103 2
206 104 5
14 71 1
-2 50 1
1 36 1
-201 -151 2
32 -125 4
-241 177 3
-11 40 1
180 215 5
-233 198 3
-196 249 3
220 99 5
-184 258 3
-142 -136 2
77 -90 4
-137 -118 2
44 -91 4
188 71 5
35 -135 4
-110 -161 2
-189 195 3
238 66 5
86 -64 4
230 77 5
-280 191 3
-95 -180 2
-198 163 3
16 46 1
0 51 1
-124 -150 2
251 131 5
-70 -162 2
77 -109 4
46 -93 4
-256 146 3
-110 -119 2
16 75 1
-236 171 3
35 -98 4
-22 89 1
36 -81 4
37 47 1
-70 -145 2
222 58 5
-130 -146 2
86 -53 4
52 -105 4
-224 222 3
159 81 5
-146 -99 2
-191 237 3
8 65 1
-216 156 3
218 182 5
-181 -176 2
239 64 5
-164 184 3
55 -163 4
18 -110 4
19 62 1
264 137 5
-24 21 1
16 -133 4
54 49 1
-215 232 3
18 -114 4
-171 -146 2
184 46 5
-168 217 3
-114 -132 2
-22 21 1
-147 -128 2
181 141 5
-181 -142 2
-4 -124 4
-144 -172 2
206 -36 5
47 -113 4
-73 190 3
-126 -111 2
-115 -117 2
18 32 1
18 81 1
15 36 1
-231 240 3
183 37 5
32 -115 4
-4 33 1
-152 -91 2
274 151 5
-174 -127 2
-152 224 3
-217 216 3
-216 173 3
-8 80 1
139 105 5
233 228 5
-218 188 3
211 106 5
16 16 1
-155 244 3
10 39 1
-86 -136 2
254 95 5
-194 -171 2
-215 260 3
-25 75 1
-225 197 3
18 42 1
-189 186 3
-7 58 1
78 -123 4
204 131 5
136 73 5
44 -104 4
25 53 1
-10 59 1
-2 16 1
211 78 5
272 167 5
226 142 5
251 119 5
-14 44 1
-251 159 3
-132 -199 2
-211 146 3
-14 68 1
10 -100 4
138 52 5
46 -127 4
-26 69 1
-53 50 1
-97 -212 2
-8 50 1
46 -95 4
-94 -180 2
-152 140 3
-216 183 3
33 -90 4
-189 -150 2
274 115 5
56 -110 4
35 -62 4
-233 166 3
-24 31 1
50 -79 4
-132 -146 2
37 -103 4
-211 174 3
-211 200 3
-20 59 1
155 26 5
12 65 1
121 94 5
-190 -128 2
-11 30 1
-255 212 3
46 -67 4
195 123 5
-1 67 1
45 -79 4
-205 190 3
-35 71 1
-169 -149 2
-218 226 3
47 -88 4
-6 91 1
-176 213 3
-169 -189 2
206 69 5
-212 -181 2
56 -91 4
-134 -91 2
-172 253 3
-150 -141 2
10 -95 4
204 73 5
144 87 5
-237 209 3
29 -117 4
90 -83 4
-26 45 1
-143 -132 2
177 100 5
140 83 5
-119 248 3
159 51 5
83 -77 4
-27 66 1
-10 3 1
49 -96 4
-166 227 3
91 -91 4
30 27 1
190 115 5
16 32 1
-137 -141 2
-150 -145 2
-3 51 1
225 136 5
199 121 5
-12 30 1
-197 221 3
298 151 5
-146 210 3
38 -116 4
-202 -180 2
-112 -100 2
89 -109 4
-193 228 3
-140 -159 2
34 13 1
63 -132 4
28 -85 4
-191 182 3
60 -59 4
-12 64 1
203 112 5
242 60 5
81 -78 4
-234 203 3
-232 235 3
-171 218 3
59 -52 4
187 140 5
-192 243 3
9 41 1
-121 -135 2
-5 55 1
-161 -91 2
209 135 5
66 -126 4
79 -61 4
-7 53 1
180 139 5
171 121 5
54 -93 4
-163 -184 2
147 111 5
19 58 1
27 31 1
-153 -188 2
-163 -157 2
242 52 5
10 58 1
73 -93 4
226 156 5
-214 171 3
87 -76 4
-32 50 1
51 -105 4
-148 -115 2
75 -140 4
261 17 5
98 175 5
-24 59 1
-191 148 3
182 161 5
-195 133 3
222 83 5
-177 227 3
16 39 1
17 38 1
25 -120 4
47 -94 4
-196 159 3
-145 -140 2
50 -65 4
-111 -97 2
6 52 1
-150 -119 2
45 -107 4
21 34 1
-191 -154 2
-102 -96 2
64 -46 4
56 -106 4
-162 245 3
139 46 5
145 23 5
-154 -195 2
-1 10 1
169 87 5
-171 -144 2
92 -72 4
-1 67 1
-204 206 3
28 54 1
-154 -178 2
285 154 5
66 -138 4
-11 54 1
-26 47 1
-151 -127 2
-182 217 3
-10 26 1
220 136 5
-169 229 3
224 50 5
-215 225 3
141 67 5
-264 187 3
-146 -153 2
-19 35 1
33 -80 4
-120 -154 2
-23 47 1
5 64 1
-35 63 1
-192 -116 2
24 -127 4
32 50 1
-223 225 3
2 57 1
47 -135 4
69 -45 4
-165 196 3
-163 214 3
53 48 5
40 -111 4
211 118 5
4 78 1
-207 163 3
74 -94 4
239 86 5
63 -123 4
-103 -170 2
-159 -167 2
20 -75 4
-255 149 3
241 72 5
-186 -91 2
15 -94 4
38 58 1
43 -144 4
155 127 5
-4 40 1
-131 -134 2
8 44 1
47 -106 4
-196 -183 2
-223 213 3
-166 230 3
219 124 5
-193 -120 2
80 -80 4
-199 212 3
-176 -133 2
22 39 1
-137 -128 2
25 60 1
-140 -143 2
-16 37 1
-19 48 1
20 89 1
138 85 5
67 -71 4
149 81 5
9 42 1
-145 179 3
44 -63 4
78 -105 4
-158 -154 2
63 -122 4
73 -94 4
269 -4 5
215 117 5
-178 -127 2
-267 218 3
-207 222 3
39 -123 4
-16 65 1
-84 221 3
49 -101 4
216 35 5
238 112 5
-1 11 1
-126 -168 2
180 169 5
-218 196 3
-156 243 3
-171 255 3
71 -71 4
157 111 5
-158 -126 2
-213 -174 2
204 234 5
144 20 5
18 -88 4
117 76 5
79 -49 4
153 75 5
-12 77 1
-175 206 3
199 220 5
-12 53 1
7 -115 4
20 -108 4
55 -96 4
-165 159 3
-205 284 3
-187 -175 2
-120 237 3
-8 51 1
-147 -147 2
48 -111 4
-185 -174 2
-153 -157 2
33 -171 4
148 202 5
-159 207 3
-191 -163 2
-260 170 3
9 60 1
50 32 1
36 -119 4
-159 -190 2
19 -94 4
8 61 1
-204 -179 2
-18 93 1
60 -65 4
-225 -133 2
-20 51 1
232 83 5
252 89 5
213 98 5
29 -96 4
-70 -128 2
12 41 1
54 -95 4
-169 -139 2
111 145 5
185 89 5
-141 -175 2
178 132 5
161 164 5
-1 -120 4
7 48 1
-128 -161 2
15 -87 4
212 60 5
6 2 1
-212 -112 2
31 -107 4
-148 -162 2
-24 50 1
61 -101 4
-141 -165 2
200 93 5
-11 61 1
-171 -197 2
46 -81 4
57 -71 4
37 -75 4
-25 9 1
-160 140 3
173 130 5
-144 -176 2
135 18 5
13 50 1
-191 90 3
-191 -158 2
64 -106 4
26 18 1
35 -114 4
-217 138 3
267 80 5
33 -146 4
189 102 5
5 39 1
78 -81 4
-2 67 1
-220 169 3
-197 208 3
-105 -171 2
271 135 5
-108 -123 2
190 177 5
56 -142 4
194 55 5
166 118 5
-172 267 3
194 54 5
-17 56 1
56 -80 4
-136 -143 2
-183 -136 2
6 -105 4
22 70 1
-30 32 1
73 -117 4
17 66 1
111 -102 4
-164 -118 2
184 143 5
15 -73 4
211 211 5
-251 182 3
-127 -119 2
-134 153 3
